330
322
321
331
328
327
323
319
322
325
325
329
316
330
316
312
301
296
290
305
300
299
307
279
307
308
308
309
309
307
300
313
307
307
281
304
259
172
167
180
173
182
179
178
181
181
182
183
178
181
184
181
185
183
178
178
183
179
179
178
177
177
177
177
178
180
181
176
181
183
180
179
174
172
178
194
138
117
124
121
123
115
121
119
122
111
115
116
113
113
116
109
115
112
114
113
115
113
113
116
110
117
116
112
110
106
108
114
115
107
111
114
112
112
112
112
114
112
111
114
114
105
105
105
105
106
105
106
105
105
104
106
103
118
111
112
106
164
167
167
168
169
261
289
288
286
286
285
286
283
287
287