89.5002500000000
92.3492416667000
97.4459333333000
92.1792000000000
92.9088000000000
94.9410000000000
93.7149166667000
95.0782333333000
94.1388500000000
93.8926166667000
91.9349416667000
94.7344000000000
91.6047416667000
91.6559833333000
81.6686250000000
86.9682250000000
86.8328585678000
85.2852172043000
89.9155827957000
89.3989290323000
93.0086752688000
89.7179698925000
87.3131354839000
83.1825548387000
88.6673806452000
88.2781118280000
87.5414365591000
82.7543225806000
90.0173290323000
88.3434021505000
88.2512258065000
88.7084344086000
86.2301806452000
87.0809118280000
87.0446838710000
86.2239569892000
60.9543827957000
71.1159290323000
68.0647741935000
74.7548172043000
72.7266666667000
63.7851354839000
73.0152430108000
69.1794752688000
73.2766365591000
75.4099139785000
73.2530881720000
65.4231268817000
71.9577978495000
71.2972215054000
72.1016774194000
71.9719698925000
66.7509290323000
73.5691913978000
72.2466365591000
70.9203225806000
70.1478967742000
69.5814150538000
63.9908860215000
69.6802494624000
62.8790924731000
70.2984043011000
68.2410795699000
67.3607139785000
73.0405505376000
74.4324645161000
69.4443655914000
71.4953462366000
66.8801806452000
66.4204559140000
65.7142107527000
69.3404258065000
73.0276688172000
73.0926408602000
72.0200731183000
47.9616602151000
50.3801333333000
56.7070000000000
53.8944000000000
51.8348000000000
54.7142000000000
54.5474000000000
50.7146666667000
55.0043333333000
54.3508000000000
51.1909333333000
59.2636666667000
57.0647333333000
57.4508666667000
55.4978666667000
53.1288666667000
54.4651333333000
56.2175333333000
51.7188000000000
54.7074000000000
57.2554000000000
57.3078000000000
57.6477333333000
57.2106666667000
55.0482000000000
56.0495333333000
55.5496000000000
54.8897333333000
56.4296000000000
55.9896000000000
56.6546000000000
57.5788000000000
54.5785333333000
57.2410666667000
57.4839333333000
57.2636000000000
51.7524000000000
56.2601333333000
57.7478000000000
58.0231333333000
57.2870000000000
52.7657333333000
56.8100000000000
57.5982000000000
58.3460000000000
41.4462000000000
16.3824000000000
14.4593333333000
16.0220000000000
16.5640000000000
16.4038666667000
16.0977333333000
16.1268000000000
15.0860000000000
14.0392000000000
14.3652000000000
16.5130666667000
13.7701333333000
51.4309333333000
56.2864666667000
58.6551333333000
72.4529333333000
71.4443741935000
71.5414021505000
68.2528430108000
76.1657634409000
84.4480258065000
81.8116258065000
92.9576387097000
89.5797505376000
93.8010365591000
94.1504387097000
94.4070623656000
94.5204430108000
95.6596172043000
94.8861032258000
94.1493376344000