9.01000000000000
8.68140000000000
9.09600000000000
8.99520000000000
8.80000000000000
9.07360000000000
8.95240000000000
9.00720000000000
9.17800000000000
8.80280000000000
9.00540000000000
9.18580000000000
9.00700000000000
9.08340000000000
9.17460000000000
9.25320000000000
8.56120000000000
8.54220000000000
8.61940000000000
8.74700000000000
8.99880000000000
8.83280000000000
8.72400000000000
8.79760000000000
8.67460000000000
8.67400000000000
8.97220000000000
8.63360000000000
8.88960000000000
8.77980000000000
8.82360000000000
8.93760000000000
8.82960000000000
8.99020000000000
8.70960000000000
8.81680000000000
3.48580000000000
8.09260000000000
8.13580000000000
8.95140000000000
8.86600000000000
8.86660000000000
8.84700000000000
8.96140000000000
8.83280000000000
8.96620000000000
8.58680000000000
8.91380000000000
8.72900000000000
8.77280000000000
8.63960000000000
8.48560000000000
8.61060000000000
8.98140000000000
8.73980000000000
8.58400000000000
8.68840000000000
8.96940000000000
8.62340000000000
8.46440000000000
8.77260000000000
8.89860000000000
8.59680000000000
8.66220000000000
8.81320000000000
8.89780000000000
8.59600000000000
8.65260000000000
8.83580000000000
8.52820000000000
8.63340000000000
8.77400000000000
8.87280000000000
8.90840000000000
8.66320000000000
3.16020000000000
3.41040000000000
5.73900000000000
5.69480000000000
6.12520000000000
5.66280000000000
5.61300000000000
5.63840000000000
5.71580000000000
5.61400000000000
5.73320000000000
5.99720000000000
5.68380000000000
6.08940000000000
5.69620000000000
5.43180000000000
5.47460000000000
5.83220000000000
5.84600000000000
5.66980000000000
5.79820000000000
5.76920000000000
5.88440000000000
5.82360000000000
5.71880000000000
5.67620000000000
5.64080000000000
5.97660000000000
5.74920000000000
5.60560000000000
5.80680000000000
5.91900000000000
5.87460000000000
5.75300000000000
5.73640000000000
5.79780000000000
5.71320000000000
6.03180000000000
5.96480000000000
5.87680000000000
5.69940000000000
5.44680000000000
5.71080000000000
5.81260000000000
5.95420000000000
4.95100000000000
0
0
0
0
0
0
0
0
0
0
0
0
4.92720000000000
6.04860000000000
5.70620000000000
5.91360000000000
8.80300000000000
8.84180000000000
8.64860000000000
8.73800000000000
8.83600000000000
8.87940000000000
8.76520000000000
8.61660000000000
8.66540000000000
8.57920000000000
8.61060000000000
8.72920000000000
8.81500000000000
8.69640000000000
8.87340000000000