22.9840000000000
17.0878000000000
11.4686000000000
18.8962000000000
16.8868000000000
15.1210000000000
16.3920000000000
15.5414000000000
16.8136000000000
15.4242000000000
19.3104000000000
15.8434000000000
19.8132000000000
20.8004000000000
35.5030000000000
26.7436000000000
26.0868000000000
28.4054000000000
21.8334000000000
23.2258000000000
19.0286000000000
23.1624000000000
26.2432000000000
32.7952000000000
23.9728000000000
24.5538000000000
26.6072000000000
32.6440000000000
22.9882000000000
24.9678000000000
25.3180000000000
25.1838000000000
28.3786000000000
27.8796000000000
26.5762000000000
28.3260000000000
40.4352000000000
43.0108000000000
47.8120000000000
38.6810000000000
41.3100000000000
56.0024000000000
40.7852000000000
47.0924000000000
40.3244000000000
37.7090000000000
39.1694000000000
55.1314000000000
41.8004000000000
43.0032000000000
41.1520000000000
40.6014000000000
49.0378000000000
40.6046000000000
41.4194000000000
42.6550000000000
44.3188000000000
46.5282000000000
53.2398000000000
43.9364000000000
58.1670000000000
44.6882000000000
46.7358000000000
48.3728000000000
40.5324000000000
38.8684000000000
44.9270000000000
42.1244000000000
49.9336000000000
49.1348000000000
50.7032000000000
45.9442000000000
40.8914000000000
40.9662000000000
41.3886000000000
50.8488000000000
57.5078000000000
65.4700000000000
69.3694000000000
74.4724000000000
67.4302000000000
67.7764000000000
74.3870000000000
67.8620000000000
68.0248000000000
73.5806000000000
62.8170000000000
64.5314000000000
65.6892000000000
66.4422000000000
68.5452000000000
66.8618000000000
66.5222000000000
73.9756000000000
67.9624000000000
65.0944000000000
64.3408000000000
64.8284000000000
65.3610000000000
67.8052000000000
65.9972000000000
66.4816000000000
69.7694000000000
65.9746000000000
65.5576000000000
65.8186000000000
65.3488000000000
69.4382000000000
64.7514000000000
64.0856000000000
64.6456000000000
72.6214000000000
67.9568000000000
64.7128000000000
64.1438000000000
64.3150000000000
69.2024000000000
65.1160000000000
64.5352000000000
64.1830000000000
92.4056000000000
82.9264000000000
95.3378000000000
83.4670000000000
82.6540000000000
82.8942000000000
83.3534000000000
83.3098000000000
84.8710000000000
100.944200000000
90.8232000000000
82.7304000000000
99.3466000000000
66.1496000000000
67.2468000000000
63.0290000000000
42.3566000000000
42.9286000000000
42.9708000000000
46.9688000000000
35.5320000000000
23.5828000000000
35.2474000000000
17.9758000000000
22.3236000000000
16.2278000000000
15.2866000000000
15.0536000000000
15.4574000000000
14.1638000000000
14.7502000000000
16.7118000000000