95.2168989247000
92.9183311828000
94.0982924731000
94.3260086022000
92.5805634409000
92.8298752688000
91.8734666667000
90.6847870968000
92.9075913978000
93.1169505376000
93.0365290323000
91.1916817204000
83.9207182796000
93.1157763441000
86.3523268817000
83.1703096774000
85.2381204301000
97.2227827957000
95.0166451613000
94.6340086022000
95.0688473118000
95.9536000000000
91.9087397849000
94.1278752688000
95.2846494624000
95.6135956989000
94.2416344086000
46.3776000000000
47.7242666667000
48.9669333333000
48.1276000000000
45.0854666667000
48.8996000000000
49.2985333333000
48.8474666667000
44.7296000000000
48.7770666667000
49.5532000000000
49.1226666667000
40.8233333333000
47.1562666667000
42.7220000000000
37.5768000000000
34.2901333333000
34.5653333333000
34.5957333333000
29.9754666667000
34.0442666667000
29.5830666667000
34.8573333333000
34.4010666667000
34.1640000000000
34.8844000000000
36.3401333333000
42.7770666667000
55.3494666667000
65.9360043011000
83.4738408602000
95.1194365591000
95.6744860215000
96.5305075269000
95.1908000000000
95.4625978495000
92.5967741935000
96.2499354839000
95.1719010753000
96.5474881720000
95.4883784946000
95.3216946237000
96.7748516129000
95.3563827957000