8.76340000000000
8.67940000000000
8.81740000000000
8.81880000000000
8.75040000000000
8.79400000000000
8.74200000000000
8.84380000000000
8.83260000000000
8.75920000000000
8.74080000000000
8.63460000000000
8.66960000000000
8.79120000000000
8.87040000000000
8.81600000000000
8.83140000000000
9.04500000000000
8.77940000000000
8.86220000000000
8.45140000000000
8.79160000000000
8.93980000000000
8.93040000000000
8.73100000000000
8.77180000000000
8.73300000000000
0
0
0
0
0
0
0
0
0
0
0
0
0
0
0
0
0
0
0
0
0
0
0
0
0
0
0
0
0
3.88920000000000
8.75340000000000
8.73360000000000
8.75980000000000
8.85260000000000
8.77300000000000
8.77240000000000
8.74100000000000
8.83560000000000
8.73300000000000
8.87820000000000
8.71740000000000
8.73120000000000
8.88040000000000
8.72480000000000