14.5782000000000
17.6196000000000
16.5174000000000
16.1826000000000
18.4698000000000
18.3068000000000
19.4898000000000
21.7654000000000
18.3770000000000
17.7078000000000
17.7394000000000
19.9928000000000
31.0686000000000
17.8644000000000
28.3928000000000
32.9026000000000
29.8754000000000
13.2126000000000
14.9560000000000
15.9306000000000
13.2906000000000
13.6096000000000
20.0156000000000
17.0198000000000
14.3198000000000
14.0238000000000
15.8940000000000
45.4336000000000
43.4136000000000
41.5496000000000
42.8086000000000
47.3718000000000
41.6506000000000
41.0522000000000
41.7288000000000
47.9056000000000
41.8344000000000
40.6702000000000
41.3160000000000
54.1458000000000
44.2656000000000
50.9170000000000
58.6348000000000
63.5648000000000
63.1520000000000
63.1064000000000
70.0658000000000
63.9336000000000
73.8434000000000
62.7140000000000
63.3984000000000
63.7540000000000
62.6734000000000
60.4898000000000
50.8344000000000
31.9758000000000
33.5018000000000
32.1444000000000
14.5802000000000
13.8744000000000
13.0394000000000
14.6638000000000
14.2532000000000
18.4000000000000
13.3780000000000
14.4986000000000
13.1378000000000
13.9484000000000
14.2652000000000
12.8074000000000
14.1822000000000